     1        0   129600   0.000
     2    20038   129600   0.020
     3    40075   129600   0.040
     4    60112   129600   0.060
     5    80149   129600   0.080
     6   100186   129600   0.100
     7   120223   130748   0.120
     8   140260   130748   0.140
     9   160297   130748   0.160
    10   180334   130748   0.180
    11   200371   130748   0.200
    12   220408   132513   0.220
    13   240445   132513   0.240
    14   260482   132513   0.260
    15   280519   133687   0.280
    16   300556   133687   0.300
    17   320593   133687   0.320
    18   340630   134926   0.340
    19   360667   134926   0.360
    20   380704   134926   0.380
    21   400741   134926   0.400
    22   420778   134926   0.420
    23   440815   134926   0.440
    24   460852   137009   0.460
    25   480889   137009   0.480
    26   500926   137009   0.500
    27   520963   137009   0.520
    28   541000   138824   0.540
    29   561037   138824   0.560
    30   581074   138824   0.580
    31   601111   138824   0.600
    32   621148   140705   0.620
    33   641185   140705   0.640
    34   661222   140705   0.660
    35   681259   140705   0.680
    36   701296   140705   0.700
    37   721333   143110   0.720
    38   741370   143110   0.740
    39   761407   143110   0.760
    40   781444   143110   0.780
    41   801481   143110   0.800
    42   821518   143110   0.820
    43   841555   145695   0.840
    44   861592   145695   0.860
    45   881629   145695   0.880
    46   901666   145695   0.900
    47   921703   145695   0.920
    48   941740   148398   0.940
    49   961777   148398   0.960
    50   981814   148398   0.980
    51  1001851   148398   1.000
    52  1021888   148398   1.020
    53  1041925   148398   1.040
    54  1061962   151424   1.060
    55  1081999   151424   1.080
    56  1102036   151424   1.100
    57  1122073   151424   1.120
    58  1142110   151424   1.140
    59  1162147   151424   1.160
    60  1182184   154489   1.180
    61  1202221   154489   1.200
    62  1222258   154489   1.220
    63  1242295   154489   1.240
    64  1262332   154489   1.260
    65  1282369   154489   1.280
    66  1302406   157436   1.300
    67  1322443   157436   1.320
    68  1342480   157436   1.340
    69  1362517   157436   1.360
    70  1382554   157436   1.380
    71  1402591   157436   1.400
    72  1422628   160651   1.420
    73  1442665   160651   1.440
    74  1462702   160651   1.460
    75  1482739   160651   1.480
    76  1502776   163055   1.500
    77  1522813   163055   1.520
    78  1542850   163055   1.540
    79  1562887   165017   1.560
    80  1582924   165017   1.580
    81  1602961   165017   1.600
    82  1622998   165017   1.620
    83  1643035   167435   1.640
    84  1663072   167435   1.660
    85  1683109   167435   1.680
    86  1703146   169480   1.700
    87  1723183   169480   1.720
    88  1743220   169480   1.740
    89  1763257   169480   1.760
    90  1783294   169480   1.780
    91  1803331   169480   1.800
    92  1823368   172449   1.820
    93  1843405   172449   1.840
    94  1863442   172449   1.860
    95  1883479   172449   1.880
    96  1903516   172449   1.900
    97  1923553   174954   1.920
    98  1943590   174954   1.940
    99  1963627   174954   1.960
   100  1983664   177453   1.980
   101  2003701   177453   2.000
   102  2023738   177453   2.020
   103  2043775   179662   2.040
   104  2063812   179662   2.060
   105  2083849   179662   2.080
   106  2103886   179662   2.100
   107  2123923   179662   2.120
   108  2143960   182311   2.140
   109  2163997   182311   2.160
   110  2184034   182311   2.180
   111  2204071   182311   2.200
   112  2224108   182311   2.220
   113  2244145   182311   2.240
   114  2264182   185459   2.260
   115  2284219   185459   2.280
   116  2304256   185459   2.300
   117  2324293   185459   2.320
   118  2344330   185459   2.340
   119  2364367   185459   2.360
   120  2384404   188653   2.380
   121  2404441   188653   2.400
   122  2424478   188653   2.420
   123  2444515   188653   2.440
   124  2464552   188653   2.460
   125  2484589   188653   2.480
   126  2504626   191917   2.500
